# Vertices
# Vertex ID, Square ID
0,79
1,28
2,77
3,29
4,42
5,30
6,38
7,31
8,56
9,78
10,8
11,34
12,46
13,99
14,16
15,93
16,3
17,25
18,28
19,75
20,41
21,19
22,75
23,69
24,59
25,1
26,13
27,8
28,36
29,97
30,89
31,77
32,86
33,71
34,99
35,29
36,67
37,23
38,88
39,84
40,67
41,64
42,30
43,53
44,32
45,40
46,0
47,66
48,62
49,44
50,77
51,2
52,28
53,94
54,80
55,37
56,5
57,56
58,53
59,89
60,7
61,66
62,54
63,74
64,29
65,81
66,7
67,97
68,49
69,78
70,70
71,85
72,77
73,78
74,0
75,19
76,47
77,98
78,19
79,32
80,12
81,19
82,28
83,91
84,1
85,81
86,50
87,63
88,56
89,72
90,49
91,64
92,63
93,35
94,81
95,20
96,29
97,22
98,94
99,17

# Edges
# From, To, Distance
0,2,1218
0,9,324
0,14,6247
0,22,4069
0,24,1408
0,25,10401
0,27,6424
0,28,4683
0,31,1863
0,40,1784
0,52,4759
0,56,7436
0,61,2734
0,64,4481
0,70,8440
0,71,3979
0,73,863
0,76,3133
0,82,4494
0,91,4528
0,94,7572
0,99,6157
1,14,2316
1,16,5720
1,29,7370
1,33,9203
1,42,7994
1,54,10570
1,55,1479
1,56,3402
1,61,4655
1,62,5523
1,64,476
1,69,5036
1,74,8152
1,85,9284
1,88,3721
1,94,9303
2,19,2719
2,28,4229
2,30,2583
2,34,2754
2,35,5122
2,37,6361
2,46,10363
2,47,1964
2,54,7914
2,56,7031
2,59,1338
2,75,6229
2,77,2223
2,79,6606
2,83,7179
2,90,3464
2,92,4567
2,94,6367
2,98,4019
3,15,8713
3,37,5748
3,46,9509
3,49,5563
3,53,8121
3,54,11199
3,61,4932
3,66,3617
3,70,10100
3,73,5076
3,76,2581
3,88,4291
3,89,8585
3,91,6292
3,99,2767
4,5,2490
4,9,6983
4,11,1958
4,26,3843
4,35,7518
4,38,7230
4,53,5434
4,56,5412
4,61,4588
4,66,6770
4,67,7253
4,72,6399
4,88,3721
4,89,2892
4,90,6943
4,94,3978
4,95,2653
4,96,7517
5,27,8471
5,29,9663
5,38,9662
5,43,3452
5,49,4638
5,55,7527
5,67,9640
5,74,3908
5,81,9360
5,83,5792
5,84,3687
5,85,5029
5,86,2126
5,87,4580
5,89,4545
5,96,9606
6,12,2335
6,13,6461
6,19,5110
6,29,6465
6,31,3997
6,35,1319
6,37,4746
6,40,2938
6,44,6405
6,45,7937
6,50,4615
6,53,7045
6,57,2661
6,76,1406
6,77,6127
6,86,8465
6,87,5689
6,89,7359
6,92,5894
7,16,3660
7,17,3769
7,20,1541
7,21,7256
7,22,5327
7,25,2678
7,27,6512
7,28,4826
7,29,8650
7,33,4541
7,34,9747
7,37,2237
7,42,1146
7,51,2850
7,56,4788
7,65,4969
7,66,6266
7,68,7700
7,78,7997
7,80,1810
7,89,4353
7,93,3563
8,10,6135
8,21,4683
8,24,2747
8,25,7661
8,36,948
8,42,6446
8,55,2688
8,58,3656
8,62,2306
8,66,5877
8,68,3356
8,77,3933
8,80,5904
8,87,2962
8,88,1078
8,93,2719
8,94,5660
8,98,4028
8,99,4577
9,18,4669
9,20,8257
9,44,7470
9,45,8513
9,46,10961
9,48,6456
9,53,4441
9,54,8810
9,57,2895
9,59,789
9,73,643
9,80,8347
9,86,8456
9,95,9516
10,17,3949
10,21,1670
10,26,5039
10,30,8765
10,31,7141
10,35,2317
10,53,10024
10,66,1592
10,78,1568
10,85,11030
11,14,3312
11,22,3982
11,38,6676
11,45,3402
11,48,3506
11,50,5667
11,51,3876
11,52,5060
11,54,6323
11,60,4020
11,62,2263
11,80,2480
11,83,6486
11,91,3006
11,94,5439
11,96,5634
11,97,1568
12,14,2414
12,16,4855
12,19,3430
12,22,3751
12,29,5927
12,31,3328
12,33,6398
12,34,6457
12,36,2876
12,46,6977
12,51,5646
12,56,3418
12,68,3226
12,69,4006
12,71,4365
12,72,4217
12,83,7590
12,87,3526
12,95,6068
12,97,3791
12,98,5611
13,25,12228
13,26,10111
13,30,1159
13,32,3342
13,36,3699
13,39,4803
13,42,10640
13,46,13081
13,49,6834
13,51,11900
13,56,9814
13,59,1839
13,60,9144
13,66,9915
13,76,5540
13,81,8413
13,83,8167
13,96,7303
14,16,3408
14,20,6280
14,23,5338
14,26,2648
14,27,1550
14,32,6866
14,37,2737
14,44,4914
14,46,6180
14,67,7900
14,69,6152
14,70,8306
14,76,3122
14,78,3139
14,82,2187
14,83,9613
14,86,7438
15,16,9060
15,18,8262
15,23,6123
15,26,7865
15,29,4060
15,31,4150
15,41,3108
15,43,4072
15,50,4332
15,51,8800
15,52,8446
15,62,3227
15,63,1755
15,68,7696
15,75,9693
15,77,4755
15,85,2003
15,87,2654
15,89,1831
15,92,2729
15,93,5850
15,95,6945
15,96,8832
15,98,844
16,32,8847
16,38,10035
16,42,4400
16,44,4050
16,48,6899
16,57,6143
16,60,3544
16,65,8462
16,68,7304
16,78,6348
16,80,1852
16,82,5584
16,89,7642
16,98,9304
17,30,7943
17,31,5163
17,39,5804
17,43,3544
17,47,3925
17,52,3399
17,69,5850
17,74,5154
17,85,7341
17,92,4522
17,98,7042
18,39,6758
18,42,7993
18,44,6636
18,48,7605
18,56,3454
18,57,3365
18,58,6331
18,60,2375
18,62,5479
18,63,6515
18,67,6860
18,73,5176
18,75,1462
18,77,6948
18,82,451
18,93,3389
18,97,5997
19,21,6570
19,28,4242
19,30,5042
19,34,4679
19,63,751
19,64,5881
19,73,3249
19,75,7265
19,76,3707
19,78,7246
19,79,4658
19,92,1959
20,22,5046
20,26,4433
20,31,6796
20,35,8732
20,36,6567
20,38,8402
20,39,5147
20,44,1369
20,53,6289
20,54,4246
20,55,6596
20,73,8062
20,75,8939
20,77,8835
20,78,9182
20,82,7519
20,87,3315
20,95,1752
21,25,8025
21,38,7054
21,39,7505
21,53,8577
21,55,2124
21,59,6105
21,63,7251
21,69,5683
21,72,6151
21,73,5893
21,77,7664
21,82,1179
21,83,10989
21,90,2250
21,92,7114
21,93,3924
21,96,815
22,26,6429
22,27,7184
22,36,2279
22,41,1300
22,48,2798
22,49,2705
22,52,6318
22,53,1911
22,55,4808
22,59,4033
22,62,1751
22,73,3341
22,80,6391
22,82,5705
22,84,7682
22,91,993
22,93,4034
22,95,6612
22,97,5277
22,98,1860
22,99,6515
23,24,553
23,46,10556
23,60,5742
23,62,4699
23,64,3512
23,75,5060
23,95,9348
24,27,5144
24,28,3771
24,36,2361
24,37,6523
24,40,1734
24,42,9025
24,44,7535
24,50,2626
24,51,9273
24,53,5699
24,56,6379
24,64,3121
24,66,6180
24,67,3824
24,71,4756
24,72,2567
25,30,12092
25,34,12139
25,41,6724
25,42,2703
25,46,859
25,56,4796
25,58,5121
25,59,10821
25,71,8612
25,74,730
25,81,8006
25,86,5183
25,90,8849
26,31,6841
26,33,7117
26,46,3562
26,51,2148
26,58,4326
26,63,6416
26,66,3531
26,67,9064
26,71,7152
26,73,7923
26,78,5770
26,79,2488
26,85,7687
26,89,6526
26,95,3988
26,97,2030
26,98,8074
26,99,3357
27,29,8830
27,32,7696
27,34,8922
27,38,7933
27,40,5250
27,44,6463
27,49,5247
27,56,2142
27,64,2132
27,86,8964
27,90,3402
27,91,6572
27,92,7020
28,33,7153
28,48,5592
28,63,4835
28,64,2394
28,65,7162
28,66,3228
28,71,5163
28,74,6645
28,80,4389
28,81,2985
28,90,2662
28,91,3939
28,92,4466
29,33,6760
29,34,1533
29,37,8260
29,38,1088
29,50,1853
29,55,6395
29,57,4590
29,62,5012
29,69,2360
29,73,2200
29,74,11827
29,76,5286
29,81,8500
29,85,6059
29,92,5366
29,93,6619
30,45,10192
30,47,4547
30,61,4170
30,66,9212
30,67,2162
30,76,4962
30,80,10326
30,84,11657
30,90,4847
30,91,5771
30,92,6988
30,98,5568
31,32,1674
31,36,457
31,40,1065
31,42,7543
31,44,6107
31,47,1383
31,73,1268
31,79,6009
31,85,5795
31,87,3610
31,94,5775
32,35,6846
32,42,7418
32,47,2292
32,48,4150
32,53,1583
32,55,5229
32,67,1907
32,68,5419
32,71,935
32,73,2333
32,85,4541
32,86,6269
32,88,3365
32,90,5292
32,92,3445
32,99,7126
33,38,7163
33,51,7372
33,55,7726
33,60,8937
33,63,3413
33,66,9821
33,70,505
33,71,4173
33,72,6712
33,73,7281
33,75,10455
33,76,7327
33,82,8713
33,84,7194
33,86,1991
33,92,2724
33,94,1034
33,96,9878
33,97,5172
34,41,5520
34,46,12993
34,47,4584
34,52,7289
34,55,6621
34,62,6127
34,63,5079
34,66,9883
34,69,2464
34,74,12774
34,77,848
34,80,10432
34,83,8043
34,85,7571
34,98,4740
35,38,6567
35,39,7346
35,43,6769
35,53,8334
35,67,7125
35,77,7161
35,78,920
35,81,1134
35,82,1220
35,83,10971
35,86,9645
35,90,1689
36,37,5448
36,42,7264
36,45,6822
36,46,9433
36,55,3351
36,59,2262
36,61,728
36,67,2735
36,75,5863
36,79,5674
36,96,4794
37,40,5384
37,47,4489
37,51,2790
37,60,3328
37,63,5260
37,75,5507
37,78,5820
37,86,4921
37,95,3639
38,42,9257
38,46,11702
38,54,8079
38,55,5547
38,56,8612
38,62,4843
38,63,3884
38,70,7633
38,73,1164
38,88,4388
38,90,4880
38,91,4203
38,93,6041
39,40,3493
39,44,4975
39,47,2480
39,49,3189
39,58,3136
39,66,8365
39,68,6155
39,72,3083
39,75,8202
39,84,8048
39,87,1939
39,89,2299
39,98,1250
40,42,7509
40,46,9446
40,47,1373
40,48,5371
40,49,3472
40,50,1734
40,51,8174
40,59,2248
40,65,6497
40,67,3182
40,75,5203
40,76,1708
40,80,6831
40,95,8072
40,97,6044
41,48,2580
41,51,6535
41,54,5359
41,57,2040
41,59,4536
41,69,3562
41,76,3304
41,87,1157
41,88,1615
41,91,454
41,95,5640
42,43,2952
42,44,1489
42,52,8226
42,59,9515
42,63,5653
42,65,4887
42,70,4077
42,76,7036
42,81,8533
42,85,5220
42,88,5532
43,56,5134
43,59,6573
43,71,3822
43,76,4501
43,83,4968
43,90,6076
43,96,6762
44,46,4129
44,48,2992
44,50,6943
44,58,1842
44,64,6956
44,66,6323
44,69,7086
44,71,5393
44,72,6994
44,79,675
44,82,6238
44,86,2665
44,90,7065
44,91,3751
44,92,2828
44,93,3276
44,94,4827
44,95,2045
45,50,7792
45,61,6102
45,67,8580
45,70,2877
45,72,7853
45,80,3543
45,82,7815
45,86,1289
45,87,3527
45,91,4426
45,95,1722
45,96,9033
46,49,6259
46,51,1416
46,56,5313
46,67,11861
46,70,7472
46,74,346
46,76,8412
46,83,9489
46,84,1350
46,85,8602
46,87,7146
46,93,5992
46,99,6850
47,55,3007
47,63,2302
47,70,5792
47,72,2315
47,74,8198
47,79,4641
47,82,3861
47,85,5266
47,87,2604
47,95,6819
47,96,4826
47,97,4936
48,50,5508
48,54,2937
48,65,1650
48,67,6050
48,69,5893
48,79,3475
48,82,7154
48,84,6245
48,86,2120
48,90,7367
48,93,4494
49,55,3365
49,72,4511
49,76,3222
49,88,1530
49,95,4603
50,51,9513
50,58,5336
50,74,10476
50,78,6670
50,87,4295
50,92,4591
50,95,8962
50,98,3617
51,53,9514
51,55,6311
51,57,6796
51,59,10409
51,62,6025
51,64,7507
51,76,7056
51,88,6197
51,94,8204
52,58,6560
52,62,5693
52,68,1765
52,73,5246
52,76,2323
52,86,9090
52,88,3876
52,94,9464
52,97,6228
53,55,6571
53,61,3229
53,62,3557
53,64,7808
53,66,9632
53,67,2892
53,72,3260
53,74,10264
53,81,9013
53,82,7405
53,83,3882
53,88,4484
53,90,6829
53,94,3371
54,68,10431
54,72,7753
54,73,8340
54,80,7503
54,82,10078
54,83,1236
54,84,8280
54,85,1527
54,91,4976
54,92,4084
55,62,4044
55,67,6007
55,70,7943
55,72,4547
55,84,6355
55,97,4837
56,61,6029
56,62,5536
56,69,7301
56,76,4304
56,82,3350
56,99,1636
57,59,3615
57,62,2414
57,66,5215
57,68,3045
57,69,2710
57,72,2883
57,89,4766
57,92,3397
58,64,6564
58,68,6602
58,72,5394
58,75,7544
58,84,5014
58,87,1199
58,92,986
59,61,2942
59,68,3830
59,74,11415
59,81,6578
59,86,8869
59,88,4222
59,93,5767
59,96,5482
60,70,9028
60,72,7013
60,73,6935
60,75,2394
60,80,4358
60,82,2346
60,87,6321
60,94,9290
60,99,554
61,67,3098
61,70,5855
61,71,2035
61,73,2237
61,75,6049
61,83,6136
61,85,5219
61,95,7166
61,97,5348
62,73,4433
62,76,3627
62,84,5931
62,86,3894
62,89,2475
62,92,990
62,96,6175
63,66,7985
63,73,3874
63,74,8409
63,75,7941
63,77,4235
63,81,7650
63,85,3047
63,96,7103
64,65,9274
64,67,6696
64,69,4786
64,87,6424
64,89,8103
64,92,6622
64,98,7972
65,70,1121
65,72,6309
65,74,8247
65,77,6899
65,78,10539
65,79,5012
65,80,6693
65,81,10139
65,83,1342
65,87,2857
65,88,5470
65,89,1172
65,90,8724
65,97,5530
65,98,3047
66,69,7473
66,80,4890
66,83,11260
66,86,8931
66,87,7243
66,90,4470
66,92,7321
66,99,1309
67,68,5467
67,74,11658
67,77,485
67,80,9343
67,82,6547
67,85,6257
67,86,8170
67,87,5061
67,90,5443
67,92,5339
67,93,6342
68,73,3734
68,74,9565
68,87,6199
68,94,9013
69,76,3060
69,84,9445
69,95,9125
70,74,7482
70,77,7882
70,81,10318
70,82,8931
70,83,2040
70,86,1628
70,87,3228
70,89,1816
70,90,9173
70,91,4044
70,92,2988
70,95,4570
70,99,8961
71,72,2583
71,74,9309
71,76,4452
71,81,7795
71,85,3643
72,76,3428
72,84,9501
72,87,4360
73,78,6323
73,81,6367
73,87,4849
74,87,7007
75,76,3626
75,77,8319
75,81,322
75,86,9983
75,89,9293
75,92,7760
76,83,8292
76,85,7280
76,88,1780
76,98,5799
77,79,8378
77,80,9717
77,84,11052
77,85,6739
77,90,5472
78,91,7156
78,96,984
79,83,6346
79,92,3105
79,97,521
79,99,5022
80,84,1337
80,85,6992
80,89,5953
80,93,3376
80,97,1197
81,85,10278
81,92,7446
81,94,10302
81,98,9128
82,91,5278
82,95,8004
82,97,5637
82,99,1792
83,84,8931
83,88,6617
83,94,1060
83,97,6862
83,99,10193
85,91,3565
85,96,9909
86,89,2663
86,93,5495
86,99,8146
88,96,4336
89,94,1332
89,95,5137
89,97,4760
90,95,8979
90,98,7062
92,95,4627
92,97,3597
93,98,5844
94,98,2791
95,99,7115

# Source and Dest
S,0
D,99
